/*--------------------------------*- C++ -*----------------------------------*\
| =========                 |                                                 |
| \\      /  F ield         | OpenFOAM: The Open Source CFD Toolbox           |
|  \\    /   O peration     | Version:  v2006                                 |
|   \\  /    A nd           | Website:  www.openfoam.com                      |
|    \\/     M anipulation  |                                                 |
\*---------------------------------------------------------------------------*/
FoamFile
{
    version     2.0;
    format      ascii;
    class       labelList;
    note        "nPoints:9620  nCells:4500  nFaces:18310  nInternalFaces:8690";
    location    "constant/polyMesh";
    object      neighbour;
}
// * * * * * * * * * * * * * * * * * * * * * * * * * * * * * * * * * * * * * //


8690
(
1
45
1755
2
46
1756
3
47
1757
4
48
1758
5
49
1759
6
50
1760
7
51
1761
8
52
1762
9
53
1763
10
54
1764
11
55
1765
12
56
1766
13
57
1767
14
58
1768
15
59
1769
16
60
1770
17
61
1771
18
62
1772
19
63
1773
20
64
1774
21
65
1775
22
66
1776
23
67
1777
24
68
1778
25
69
1779
26
70
1780
27
71
1781
28
72
1782
29
73
1783
30
74
1784
31
75
1785
32
76
1786
33
77
1787
34
78
1788
35
79
1789
36
80
1790
37
81
1791
38
82
1792
39
83
1793
40
84
1794
41
85
1795
42
86
1796
43
87
1797
44
88
1798
89
1799
46
90
47
91
48
92
49
93
50
94
51
95
52
96
53
97
54
98
55
99
56
100
57
101
58
102
59
103
60
104
61
105
62
106
63
107
64
108
65
109
66
110
67
111
68
112
69
113
70
114
71
115
72
116
73
117
74
118
75
119
76
120
77
121
78
122
79
123
80
124
81
125
82
126
83
127
84
128
85
129
86
130
87
131
88
132
89
133
134
91
135
92
136
93
137
94
138
95
139
96
140
97
141
98
142
99
143
100
144
101
145
102
146
103
147
104
148
105
149
106
150
107
151
108
152
109
153
110
154
111
155
112
156
113
157
114
158
115
159
116
160
117
161
118
162
119
163
120
164
121
165
122
166
123
167
124
168
125
169
126
170
127
171
128
172
129
173
130
174
131
175
132
176
133
177
134
178
179
136
180
137
181
138
182
139
183
140
184
141
185
142
186
143
187
144
188
145
189
146
190
147
191
148
192
149
193
150
194
151
195
152
196
153
197
154
198
155
199
156
200
157
201
158
202
159
203
160
204
161
205
162
206
163
207
164
208
165
209
166
210
167
211
168
212
169
213
170
214
171
215
172
216
173
217
174
218
175
219
176
220
177
221
178
222
179
223
224
181
225
182
226
183
227
184
228
185
229
186
230
187
231
188
232
189
233
190
234
191
235
192
236
193
237
194
238
195
239
196
240
197
241
198
242
199
243
200
244
201
245
202
246
203
247
204
248
205
249
206
250
207
251
208
252
209
253
210
254
211
255
212
256
213
257
214
258
215
259
216
260
217
261
218
262
219
263
220
264
221
265
222
266
223
267
224
268
269
226
270
227
271
228
272
229
273
230
274
231
275
232
276
233
277
234
278
235
279
236
280
237
281
238
282
239
283
240
284
241
285
242
286
243
287
244
288
245
289
246
290
247
291
248
292
249
293
250
294
251
295
252
296
253
297
254
298
255
299
256
300
257
301
258
302
259
303
260
304
261
305
262
306
263
307
264
308
265
309
266
310
267
311
268
312
269
313
314
271
315
272
316
273
317
274
318
275
319
276
320
277
321
278
322
279
323
280
324
281
325
282
326
283
327
284
328
285
329
286
330
287
331
288
332
289
333
290
334
291
335
292
336
293
337
294
338
295
339
296
340
297
341
298
342
299
343
300
344
301
345
302
346
303
347
304
348
305
349
306
350
307
351
308
352
309
353
310
354
311
355
312
356
313
357
314
358
359
316
360
317
361
318
362
319
363
320
364
321
365
322
366
323
367
324
368
325
369
326
370
327
371
328
372
329
373
330
374
331
375
332
376
333
377
334
378
335
379
336
380
337
381
338
382
339
383
340
384
341
385
342
386
343
387
344
388
345
389
346
390
347
391
348
392
349
393
350
394
351
395
352
396
353
397
354
398
355
399
356
400
357
401
358
402
359
403
404
361
405
362
406
363
407
364
408
365
409
366
410
367
411
368
412
369
413
370
414
371
415
372
416
373
417
374
418
375
419
376
420
377
421
378
422
379
423
380
424
381
425
382
426
383
427
384
428
385
429
386
430
387
431
388
432
389
433
390
434
391
435
392
436
393
437
394
438
395
439
396
440
397
441
398
442
399
443
400
444
401
445
402
446
403
447
404
448
449
406
3600
407
3601
408
3602
409
3603
410
3604
411
3605
412
3606
413
3607
414
3608
415
3609
416
3610
417
3611
418
3612
419
3613
420
3614
421
3615
422
3616
423
3617
424
3618
425
3619
426
3620
427
3621
428
3622
429
3623
430
3624
431
3625
432
3626
433
3627
434
3628
435
3629
436
3630
437
3631
438
3632
439
3633
440
3634
441
3635
442
3636
443
3637
444
3638
445
3639
446
3640
447
3641
448
3642
449
3643
3644
451
540
1799
452
541
453
542
454
543
455
544
456
545
457
546
458
547
459
548
460
549
461
550
462
551
463
552
464
553
465
554
466
555
467
556
468
557
469
558
470
559
471
560
472
561
473
562
474
563
475
564
476
565
477
566
478
567
479
568
480
569
481
570
482
571
483
572
484
573
485
574
486
575
487
576
488
577
489
578
490
579
491
580
492
581
493
582
494
583
495
584
496
585
497
586
498
587
499
588
500
589
501
590
502
591
503
592
504
593
505
594
506
595
507
596
508
597
509
598
510
599
511
600
512
601
513
602
514
603
515
604
516
605
517
606
518
607
519
608
520
609
521
610
522
611
523
612
524
613
525
614
526
615
527
616
528
617
529
618
530
619
531
620
532
621
533
622
534
623
535
624
536
625
537
626
538
627
539
628
629
4050
541
630
1754
542
631
543
632
544
633
545
634
546
635
547
636
548
637
549
638
550
639
551
640
552
641
553
642
554
643
555
644
556
645
557
646
558
647
559
648
560
649
561
650
562
651
563
652
564
653
565
654
566
655
567
656
568
657
569
658
570
659
571
660
572
661
573
662
574
663
575
664
576
665
577
666
578
667
579
668
580
669
581
670
582
671
583
672
584
673
585
674
586
675
587
676
588
677
589
678
590
679
591
680
592
681
593
682
594
683
595
684
596
685
597
686
598
687
599
688
600
689
601
690
602
691
603
692
604
693
605
694
606
695
607
696
608
697
609
698
610
699
611
700
612
701
613
702
614
703
615
704
616
705
617
706
618
707
619
708
620
709
621
710
622
711
623
712
624
713
625
714
626
715
627
716
628
717
629
718
719
4095
631
720
1709
632
721
633
722
634
723
635
724
636
725
637
726
638
727
639
728
640
729
641
730
642
731
643
732
644
733
645
734
646
735
647
736
648
737
649
738
650
739
651
740
652
741
653
742
654
743
655
744
656
745
657
746
658
747
659
748
660
749
661
750
662
751
663
752
664
753
665
754
666
755
667
756
668
757
669
758
670
759
671
760
672
761
673
762
674
763
675
764
676
765
677
766
678
767
679
768
680
769
681
770
682
771
683
772
684
773
685
774
686
775
687
776
688
777
689
778
690
779
691
780
692
781
693
782
694
783
695
784
696
785
697
786
698
787
699
788
700
789
701
790
702
791
703
792
704
793
705
794
706
795
707
796
708
797
709
798
710
799
711
800
712
801
713
802
714
803
715
804
716
805
717
806
718
807
719
808
809
4140
721
810
1664
722
811
723
812
724
813
725
814
726
815
727
816
728
817
729
818
730
819
731
820
732
821
733
822
734
823
735
824
736
825
737
826
738
827
739
828
740
829
741
830
742
831
743
832
744
833
745
834
746
835
747
836
748
837
749
838
750
839
751
840
752
841
753
842
754
843
755
844
756
845
757
846
758
847
759
848
760
849
761
850
762
851
763
852
764
853
765
854
766
855
767
856
768
857
769
858
770
859
771
860
772
861
773
862
774
863
775
864
776
865
777
866
778
867
779
868
780
869
781
870
782
871
783
872
784
873
785
874
786
875
787
876
788
877
789
878
790
879
791
880
792
881
793
882
794
883
795
884
796
885
797
886
798
887
799
888
800
889
801
890
802
891
803
892
804
893
805
894
806
895
807
896
808
897
809
898
899
4185
811
900
1619
812
901
813
902
814
903
815
904
816
905
817
906
818
907
819
908
820
909
821
910
822
911
823
912
824
913
825
914
826
915
827
916
828
917
829
918
830
919
831
920
832
921
833
922
834
923
835
924
836
925
837
926
838
927
839
928
840
929
841
930
842
931
843
932
844
933
845
934
846
935
847
936
848
937
849
938
850
939
851
940
852
941
853
942
854
943
855
944
856
945
857
946
858
947
859
948
860
949
861
950
862
951
863
952
864
953
865
954
866
955
867
956
868
957
869
958
870
959
871
960
872
961
873
962
874
963
875
964
876
965
877
966
878
967
879
968
880
969
881
970
882
971
883
972
884
973
885
974
886
975
887
976
888
977
889
978
890
979
891
980
892
981
893
982
894
983
895
984
896
985
897
986
898
987
899
988
989
4230
901
990
1574
902
991
903
992
904
993
905
994
906
995
907
996
908
997
909
998
910
999
911
1000
912
1001
913
1002
914
1003
915
1004
916
1005
917
1006
918
1007
919
1008
920
1009
921
1010
922
1011
923
1012
924
1013
925
1014
926
1015
927
1016
928
1017
929
1018
930
1019
931
1020
932
1021
933
1022
934
1023
935
1024
936
1025
937
1026
938
1027
939
1028
940
1029
941
1030
942
1031
943
1032
944
1033
945
1034
946
1035
947
1036
948
1037
949
1038
950
1039
951
1040
952
1041
953
1042
954
1043
955
1044
956
1045
957
1046
958
1047
959
1048
960
1049
961
1050
962
1051
963
1052
964
1053
965
1054
966
1055
967
1056
968
1057
969
1058
970
1059
971
1060
972
1061
973
1062
974
1063
975
1064
976
1065
977
1066
978
1067
979
1068
980
1069
981
1070
982
1071
983
1072
984
1073
985
1074
986
1075
987
1076
988
1077
989
1078
1079
4275
991
1080
1529
992
1081
993
1082
994
1083
995
1084
996
1085
997
1086
998
1087
999
1088
1000
1089
1001
1090
1002
1091
1003
1092
1004
1093
1005
1094
1006
1095
1007
1096
1008
1097
1009
1098
1010
1099
1011
1100
1012
1101
1013
1102
1014
1103
1015
1104
1016
1105
1017
1106
1018
1107
1019
1108
1020
1109
1021
1110
1022
1111
1023
1112
1024
1113
1025
1114
1026
1115
1027
1116
1028
1117
1029
1118
1030
1119
1031
1120
1032
1121
1033
1122
1034
1123
1035
1124
1036
1125
1037
1126
1038
1127
1039
1128
1040
1129
1041
1130
1042
1131
1043
1132
1044
1133
1045
1134
1046
1135
1047
1136
1048
1137
1049
1138
1050
1139
1051
1140
1052
1141
1053
1142
1054
1143
1055
1144
1056
1145
1057
1146
1058
1147
1059
1148
1060
1149
1061
1150
1062
1151
1063
1152
1064
1153
1065
1154
1066
1155
1067
1156
1068
1157
1069
1158
1070
1159
1071
1160
1072
1161
1073
1162
1074
1163
1075
1164
1076
1165
1077
1166
1078
1167
1079
1168
1169
4320
1081
1170
1484
1082
1171
1083
1172
1084
1173
1085
1174
1086
1175
1087
1176
1088
1177
1089
1178
1090
1179
1091
1180
1092
1181
1093
1182
1094
1183
1095
1184
1096
1185
1097
1186
1098
1187
1099
1188
1100
1189
1101
1190
1102
1191
1103
1192
1104
1193
1105
1194
1106
1195
1107
1196
1108
1197
1109
1198
1110
1199
1111
1200
1112
1201
1113
1202
1114
1203
1115
1204
1116
1205
1117
1206
1118
1207
1119
1208
1120
1209
1121
1210
1122
1211
1123
1212
1124
1213
1125
1214
1126
1215
1127
1216
1128
1217
1129
1218
1130
1219
1131
1220
1132
1221
1133
1222
1134
1223
1135
1224
1136
1225
1137
1226
1138
1227
1139
1228
1140
1229
1141
1230
1142
1231
1143
1232
1144
1233
1145
1234
1146
1235
1147
1236
1148
1237
1149
1238
1150
1239
1151
1240
1152
1241
1153
1242
1154
1243
1155
1244
1156
1245
1157
1246
1158
1247
1159
1248
1160
1249
1161
1250
1162
1251
1163
1252
1164
1253
1165
1254
1166
1255
1167
1256
1168
1257
1169
1258
1259
4365
1171
1260
1439
1172
1261
1173
1262
1174
1263
1175
1264
1176
1265
1177
1266
1178
1267
1179
1268
1180
1269
1181
1270
1182
1271
1183
1272
1184
1273
1185
1274
1186
1275
1187
1276
1188
1277
1189
1278
1190
1279
1191
1280
1192
1281
1193
1282
1194
1283
1195
1284
1196
1285
1197
1286
1198
1287
1199
1288
1200
1289
1201
1290
1202
1291
1203
1292
1204
1293
1205
1294
1206
1295
1207
1296
1208
1297
1209
1298
1210
1299
1211
1300
1212
1301
1213
1302
1214
1303
1215
1304
1216
1305
1217
1306
1218
1307
1219
1308
1220
1309
1221
1310
1222
1311
1223
1312
1224
1313
1225
1314
1226
1315
1227
1316
1228
1317
1229
1318
1230
1319
1231
1320
1232
1321
1233
1322
1234
1323
1235
1324
1236
1325
1237
1326
1238
1327
1239
1328
1240
1329
1241
1330
1242
1331
1243
1332
1244
1333
1245
1334
1246
1335
1247
1336
1248
1337
1249
1338
1250
1339
1251
1340
1252
1341
1253
1342
1254
1343
1255
1344
1256
1345
1257
1346
1258
1347
1259
1348
1349
4410
1261
1394
1262
1263
1264
1265
1266
1267
1268
1269
1270
1271
1272
1273
1274
1275
1276
1277
1278
1279
1280
1281
1282
1283
1284
1285
1286
1287
1288
1289
1290
1291
1292
1293
1294
1295
1296
1297
1298
1299
1300
1301
1302
1303
1304
1305
1306
1307
1308
1309
1310
1311
1312
1313
1314
1315
1316
1317
1318
1319
1320
1321
1322
1323
1324
1325
1326
1327
1328
1329
1330
1331
1332
1333
1334
1335
1336
1337
1338
1339
1340
1341
1342
1343
1344
1345
1346
1347
1348
1349
4455
1351
1395
1352
1396
1353
1397
1354
1398
1355
1399
1356
1400
1357
1401
1358
1402
1359
1403
1360
1404
1361
1405
1362
1406
1363
1407
1364
1408
1365
1409
1366
1410
1367
1411
1368
1412
1369
1413
1370
1414
1371
1415
1372
1416
1373
1417
1374
1418
1375
1419
1376
1420
1377
1421
1378
1422
1379
1423
1380
1424
1381
1425
1382
1426
1383
1427
1384
1428
1385
1429
1386
1430
1387
1431
1388
1432
1389
1433
1390
1434
1391
1435
1392
1436
1393
1437
1394
1438
1439
1396
1440
1397
1441
1398
1442
1399
1443
1400
1444
1401
1445
1402
1446
1403
1447
1404
1448
1405
1449
1406
1450
1407
1451
1408
1452
1409
1453
1410
1454
1411
1455
1412
1456
1413
1457
1414
1458
1415
1459
1416
1460
1417
1461
1418
1462
1419
1463
1420
1464
1421
1465
1422
1466
1423
1467
1424
1468
1425
1469
1426
1470
1427
1471
1428
1472
1429
1473
1430
1474
1431
1475
1432
1476
1433
1477
1434
1478
1435
1479
1436
1480
1437
1481
1438
1482
1439
1483
1484
1441
1485
1442
1486
1443
1487
1444
1488
1445
1489
1446
1490
1447
1491
1448
1492
1449
1493
1450
1494
1451
1495
1452
1496
1453
1497
1454
1498
1455
1499
1456
1500
1457
1501
1458
1502
1459
1503
1460
1504
1461
1505
1462
1506
1463
1507
1464
1508
1465
1509
1466
1510
1467
1511
1468
1512
1469
1513
1470
1514
1471
1515
1472
1516
1473
1517
1474
1518
1475
1519
1476
1520
1477
1521
1478
1522
1479
1523
1480
1524
1481
1525
1482
1526
1483
1527
1484
1528
1529
1486
1530
1487
1531
1488
1532
1489
1533
1490
1534
1491
1535
1492
1536
1493
1537
1494
1538
1495
1539
1496
1540
1497
1541
1498
1542
1499
1543
1500
1544
1501
1545
1502
1546
1503
1547
1504
1548
1505
1549
1506
1550
1507
1551
1508
1552
1509
1553
1510
1554
1511
1555
1512
1556
1513
1557
1514
1558
1515
1559
1516
1560
1517
1561
1518
1562
1519
1563
1520
1564
1521
1565
1522
1566
1523
1567
1524
1568
1525
1569
1526
1570
1527
1571
1528
1572
1529
1573
1574
1531
1575
1532
1576
1533
1577
1534
1578
1535
1579
1536
1580
1537
1581
1538
1582
1539
1583
1540
1584
1541
1585
1542
1586
1543
1587
1544
1588
1545
1589
1546
1590
1547
1591
1548
1592
1549
1593
1550
1594
1551
1595
1552
1596
1553
1597
1554
1598
1555
1599
1556
1600
1557
1601
1558
1602
1559
1603
1560
1604
1561
1605
1562
1606
1563
1607
1564
1608
1565
1609
1566
1610
1567
1611
1568
1612
1569
1613
1570
1614
1571
1615
1572
1616
1573
1617
1574
1618
1619
1576
1620
1577
1621
1578
1622
1579
1623
1580
1624
1581
1625
1582
1626
1583
1627
1584
1628
1585
1629
1586
1630
1587
1631
1588
1632
1589
1633
1590
1634
1591
1635
1592
1636
1593
1637
1594
1638
1595
1639
1596
1640
1597
1641
1598
1642
1599
1643
1600
1644
1601
1645
1602
1646
1603
1647
1604
1648
1605
1649
1606
1650
1607
1651
1608
1652
1609
1653
1610
1654
1611
1655
1612
1656
1613
1657
1614
1658
1615
1659
1616
1660
1617
1661
1618
1662
1619
1663
1664
1621
1665
1622
1666
1623
1667
1624
1668
1625
1669
1626
1670
1627
1671
1628
1672
1629
1673
1630
1674
1631
1675
1632
1676
1633
1677
1634
1678
1635
1679
1636
1680
1637
1681
1638
1682
1639
1683
1640
1684
1641
1685
1642
1686
1643
1687
1644
1688
1645
1689
1646
1690
1647
1691
1648
1692
1649
1693
1650
1694
1651
1695
1652
1696
1653
1697
1654
1698
1655
1699
1656
1700
1657
1701
1658
1702
1659
1703
1660
1704
1661
1705
1662
1706
1663
1707
1664
1708
1709
1666
1710
1667
1711
1668
1712
1669
1713
1670
1714
1671
1715
1672
1716
1673
1717
1674
1718
1675
1719
1676
1720
1677
1721
1678
1722
1679
1723
1680
1724
1681
1725
1682
1726
1683
1727
1684
1728
1685
1729
1686
1730
1687
1731
1688
1732
1689
1733
1690
1734
1691
1735
1692
1736
1693
1737
1694
1738
1695
1739
1696
1740
1697
1741
1698
1742
1699
1743
1700
1744
1701
1745
1702
1746
1703
1747
1704
1748
1705
1749
1706
1750
1707
1751
1708
1752
1709
1753
1754
1711
1755
1712
1756
1713
1757
1714
1758
1715
1759
1716
1760
1717
1761
1718
1762
1719
1763
1720
1764
1721
1765
1722
1766
1723
1767
1724
1768
1725
1769
1726
1770
1727
1771
1728
1772
1729
1773
1730
1774
1731
1775
1732
1776
1733
1777
1734
1778
1735
1779
1736
1780
1737
1781
1738
1782
1739
1783
1740
1784
1741
1785
1742
1786
1743
1787
1744
1788
1745
1789
1746
1790
1747
1791
1748
1792
1749
1793
1750
1794
1751
1795
1752
1796
1753
1797
1754
1798
1799
1756
1757
1758
1759
1760
1761
1762
1763
1764
1765
1766
1767
1768
1769
1770
1771
1772
1773
1774
1775
1776
1777
1778
1779
1780
1781
1782
1783
1784
1785
1786
1787
1788
1789
1790
1791
1792
1793
1794
1795
1796
1797
1798
1799
1801
1845
3555
1802
1846
3556
1803
1847
3557
1804
1848
3558
1805
1849
3559
1806
1850
3560
1807
1851
3561
1808
1852
3562
1809
1853
3563
1810
1854
3564
1811
1855
3565
1812
1856
3566
1813
1857
3567
1814
1858
3568
1815
1859
3569
1816
1860
3570
1817
1861
3571
1818
1862
3572
1819
1863
3573
1820
1864
3574
1821
1865
3575
1822
1866
3576
1823
1867
3577
1824
1868
3578
1825
1869
3579
1826
1870
3580
1827
1871
3581
1828
1872
3582
1829
1873
3583
1830
1874
3584
1831
1875
3585
1832
1876
3586
1833
1877
3587
1834
1878
3588
1835
1879
3589
1836
1880
3590
1837
1881
3591
1838
1882
3592
1839
1883
3593
1840
1884
3594
1841
1885
3595
1842
1886
3596
1843
1887
3597
1844
1888
3598
1889
3599
1846
1890
1847
1891
1848
1892
1849
1893
1850
1894
1851
1895
1852
1896
1853
1897
1854
1898
1855
1899
1856
1900
1857
1901
1858
1902
1859
1903
1860
1904
1861
1905
1862
1906
1863
1907
1864
1908
1865
1909
1866
1910
1867
1911
1868
1912
1869
1913
1870
1914
1871
1915
1872
1916
1873
1917
1874
1918
1875
1919
1876
1920
1877
1921
1878
1922
1879
1923
1880
1924
1881
1925
1882
1926
1883
1927
1884
1928
1885
1929
1886
1930
1887
1931
1888
1932
1889
1933
1934
1891
1935
1892
1936
1893
1937
1894
1938
1895
1939
1896
1940
1897
1941
1898
1942
1899
1943
1900
1944
1901
1945
1902
1946
1903
1947
1904
1948
1905
1949
1906
1950
1907
1951
1908
1952
1909
1953
1910
1954
1911
1955
1912
1956
1913
1957
1914
1958
1915
1959
1916
1960
1917
1961
1918
1962
1919
1963
1920
1964
1921
1965
1922
1966
1923
1967
1924
1968
1925
1969
1926
1970
1927
1971
1928
1972
1929
1973
1930
1974
1931
1975
1932
1976
1933
1977
1934
1978
1979
1936
1980
1937
1981
1938
1982
1939
1983
1940
1984
1941
1985
1942
1986
1943
1987
1944
1988
1945
1989
1946
1990
1947
1991
1948
1992
1949
1993
1950
1994
1951
1995
1952
1996
1953
1997
1954
1998
1955
1999
1956
2000
1957
2001
1958
2002
1959
2003
1960
2004
1961
2005
1962
2006
1963
2007
1964
2008
1965
2009
1966
2010
1967
2011
1968
2012
1969
2013
1970
2014
1971
2015
1972
2016
1973
2017
1974
2018
1975
2019
1976
2020
1977
2021
1978
2022
1979
2023
2024
1981
2025
1982
2026
1983
2027
1984
2028
1985
2029
1986
2030
1987
2031
1988
2032
1989
2033
1990
2034
1991
2035
1992
2036
1993
2037
1994
2038
1995
2039
1996
2040
1997
2041
1998
2042
1999
2043
2000
2044
2001
2045
2002
2046
2003
2047
2004
2048
2005
2049
2006
2050
2007
2051
2008
2052
2009
2053
2010
2054
2011
2055
2012
2056
2013
2057
2014
2058
2015
2059
2016
2060
2017
2061
2018
2062
2019
2063
2020
2064
2021
2065
2022
2066
2023
2067
2024
2068
2069
2026
2070
2027
2071
2028
2072
2029
2073
2030
2074
2031
2075
2032
2076
2033
2077
2034
2078
2035
2079
2036
2080
2037
2081
2038
2082
2039
2083
2040
2084
2041
2085
2042
2086
2043
2087
2044
2088
2045
2089
2046
2090
2047
2091
2048
2092
2049
2093
2050
2094
2051
2095
2052
2096
2053
2097
2054
2098
2055
2099
2056
2100
2057
2101
2058
2102
2059
2103
2060
2104
2061
2105
2062
2106
2063
2107
2064
2108
2065
2109
2066
2110
2067
2111
2068
2112
2069
2113
2114
2071
2115
2072
2116
2073
2117
2074
2118
2075
2119
2076
2120
2077
2121
2078
2122
2079
2123
2080
2124
2081
2125
2082
2126
2083
2127
2084
2128
2085
2129
2086
2130
2087
2131
2088
2132
2089
2133
2090
2134
2091
2135
2092
2136
2093
2137
2094
2138
2095
2139
2096
2140
2097
2141
2098
2142
2099
2143
2100
2144
2101
2145
2102
2146
2103
2147
2104
2148
2105
2149
2106
2150
2107
2151
2108
2152
2109
2153
2110
2154
2111
2155
2112
2156
2113
2157
2114
2158
2159
2116
2160
2117
2161
2118
2162
2119
2163
2120
2164
2121
2165
2122
2166
2123
2167
2124
2168
2125
2169
2126
2170
2127
2171
2128
2172
2129
2173
2130
2174
2131
2175
2132
2176
2133
2177
2134
2178
2135
2179
2136
2180
2137
2181
2138
2182
2139
2183
2140
2184
2141
2185
2142
2186
2143
2187
2144
2188
2145
2189
2146
2190
2147
2191
2148
2192
2149
2193
2150
2194
2151
2195
2152
2196
2153
2197
2154
2198
2155
2199
2156
2200
2157
2201
2158
2202
2159
2203
2204
2161
2205
2162
2206
2163
2207
2164
2208
2165
2209
2166
2210
2167
2211
2168
2212
2169
2213
2170
2214
2171
2215
2172
2216
2173
2217
2174
2218
2175
2219
2176
2220
2177
2221
2178
2222
2179
2223
2180
2224
2181
2225
2182
2226
2183
2227
2184
2228
2185
2229
2186
2230
2187
2231
2188
2232
2189
2233
2190
2234
2191
2235
2192
2236
2193
2237
2194
2238
2195
2239
2196
2240
2197
2241
2198
2242
2199
2243
2200
2244
2201
2245
2202
2246
2203
2247
2204
2248
2249
2206
4050
2207
4051
2208
4052
2209
4053
2210
4054
2211
4055
2212
4056
2213
4057
2214
4058
2215
4059
2216
4060
2217
4061
2218
4062
2219
4063
2220
4064
2221
4065
2222
4066
2223
4067
2224
4068
2225
4069
2226
4070
2227
4071
2228
4072
2229
4073
2230
4074
2231
4075
2232
4076
2233
4077
2234
4078
2235
4079
2236
4080
2237
4081
2238
4082
2239
4083
2240
4084
2241
4085
2242
4086
2243
4087
2244
4088
2245
4089
2246
4090
2247
4091
2248
4092
2249
4093
4094
2251
2340
4049
2252
2341
2253
2342
2254
2343
2255
2344
2256
2345
2257
2346
2258
2347
2259
2348
2260
2349
2261
2350
2262
2351
2263
2352
2264
2353
2265
2354
2266
2355
2267
2356
2268
2357
2269
2358
2270
2359
2271
2360
2272
2361
2273
2362
2274
2363
2275
2364
2276
2365
2277
2366
2278
2367
2279
2368
2280
2369
2281
2370
2282
2371
2283
2372
2284
2373
2285
2374
2286
2375
2287
2376
2288
2377
2289
2378
2290
2379
2291
2380
2292
2381
2293
2382
2294
2383
2295
2384
2296
2385
2297
2386
2298
2387
2299
2388
2300
2389
2301
2390
2302
2391
2303
2392
2304
2393
2305
2394
2306
2395
2307
2396
2308
2397
2309
2398
2310
2399
2311
2400
2312
2401
2313
2402
2314
2403
2315
2404
2316
2405
2317
2406
2318
2407
2319
2408
2320
2409
2321
2410
2322
2411
2323
2412
2324
2413
2325
2414
2326
2415
2327
2416
2328
2417
2329
2418
2330
2419
2331
2420
2332
2421
2333
2422
2334
2423
2335
2424
2336
2425
2337
2426
2338
2427
2339
2428
2429
3150
2341
2430
4004
2342
2431
2343
2432
2344
2433
2345
2434
2346
2435
2347
2436
2348
2437
2349
2438
2350
2439
2351
2440
2352
2441
2353
2442
2354
2443
2355
2444
2356
2445
2357
2446
2358
2447
2359
2448
2360
2449
2361
2450
2362
2451
2363
2452
2364
2453
2365
2454
2366
2455
2367
2456
2368
2457
2369
2458
2370
2459
2371
2460
2372
2461
2373
2462
2374
2463
2375
2464
2376
2465
2377
2466
2378
2467
2379
2468
2380
2469
2381
2470
2382
2471
2383
2472
2384
2473
2385
2474
2386
2475
2387
2476
2388
2477
2389
2478
2390
2479
2391
2480
2392
2481
2393
2482
2394
2483
2395
2484
2396
2485
2397
2486
2398
2487
2399
2488
2400
2489
2401
2490
2402
2491
2403
2492
2404
2493
2405
2494
2406
2495
2407
2496
2408
2497
2409
2498
2410
2499
2411
2500
2412
2501
2413
2502
2414
2503
2415
2504
2416
2505
2417
2506
2418
2507
2419
2508
2420
2509
2421
2510
2422
2511
2423
2512
2424
2513
2425
2514
2426
2515
2427
2516
2428
2517
2429
2518
2519
3195
2431
2520
3959
2432
2521
2433
2522
2434
2523
2435
2524
2436
2525
2437
2526
2438
2527
2439
2528
2440
2529
2441
2530
2442
2531
2443
2532
2444
2533
2445
2534
2446
2535
2447
2536
2448
2537
2449
2538
2450
2539
2451
2540
2452
2541
2453
2542
2454
2543
2455
2544
2456
2545
2457
2546
2458
2547
2459
2548
2460
2549
2461
2550
2462
2551
2463
2552
2464
2553
2465
2554
2466
2555
2467
2556
2468
2557
2469
2558
2470
2559
2471
2560
2472
2561
2473
2562
2474
2563
2475
2564
2476
2565
2477
2566
2478
2567
2479
2568
2480
2569
2481
2570
2482
2571
2483
2572
2484
2573
2485
2574
2486
2575
2487
2576
2488
2577
2489
2578
2490
2579
2491
2580
2492
2581
2493
2582
2494
2583
2495
2584
2496
2585
2497
2586
2498
2587
2499
2588
2500
2589
2501
2590
2502
2591
2503
2592
2504
2593
2505
2594
2506
2595
2507
2596
2508
2597
2509
2598
2510
2599
2511
2600
2512
2601
2513
2602
2514
2603
2515
2604
2516
2605
2517
2606
2518
2607
2519
2608
2609
3240
2521
2610
3914
2522
2611
2523
2612
2524
2613
2525
2614
2526
2615
2527
2616
2528
2617
2529
2618
2530
2619
2531
2620
2532
2621
2533
2622
2534
2623
2535
2624
2536
2625
2537
2626
2538
2627
2539
2628
2540
2629
2541
2630
2542
2631
2543
2632
2544
2633
2545
2634
2546
2635
2547
2636
2548
2637
2549
2638
2550
2639
2551
2640
2552
2641
2553
2642
2554
2643
2555
2644
2556
2645
2557
2646
2558
2647
2559
2648
2560
2649
2561
2650
2562
2651
2563
2652
2564
2653
2565
2654
2566
2655
2567
2656
2568
2657
2569
2658
2570
2659
2571
2660
2572
2661
2573
2662
2574
2663
2575
2664
2576
2665
2577
2666
2578
2667
2579
2668
2580
2669
2581
2670
2582
2671
2583
2672
2584
2673
2585
2674
2586
2675
2587
2676
2588
2677
2589
2678
2590
2679
2591
2680
2592
2681
2593
2682
2594
2683
2595
2684
2596
2685
2597
2686
2598
2687
2599
2688
2600
2689
2601
2690
2602
2691
2603
2692
2604
2693
2605
2694
2606
2695
2607
2696
2608
2697
2609
2698
2699
3285
2611
2700
3869
2612
2701
2613
2702
2614
2703
2615
2704
2616
2705
2617
2706
2618
2707
2619
2708
2620
2709
2621
2710
2622
2711
2623
2712
2624
2713
2625
2714
2626
2715
2627
2716
2628
2717
2629
2718
2630
2719
2631
2720
2632
2721
2633
2722
2634
2723
2635
2724
2636
2725
2637
2726
2638
2727
2639
2728
2640
2729
2641
2730
2642
2731
2643
2732
2644
2733
2645
2734
2646
2735
2647
2736
2648
2737
2649
2738
2650
2739
2651
2740
2652
2741
2653
2742
2654
2743
2655
2744
2656
2745
2657
2746
2658
2747
2659
2748
2660
2749
2661
2750
2662
2751
2663
2752
2664
2753
2665
2754
2666
2755
2667
2756
2668
2757
2669
2758
2670
2759
2671
2760
2672
2761
2673
2762
2674
2763
2675
2764
2676
2765
2677
2766
2678
2767
2679
2768
2680
2769
2681
2770
2682
2771
2683
2772
2684
2773
2685
2774
2686
2775
2687
2776
2688
2777
2689
2778
2690
2779
2691
2780
2692
2781
2693
2782
2694
2783
2695
2784
2696
2785
2697
2786
2698
2787
2699
2788
2789
3330
2701
2790
3824
2702
2791
2703
2792
2704
2793
2705
2794
2706
2795
2707
2796
2708
2797
2709
2798
2710
2799
2711
2800
2712
2801
2713
2802
2714
2803
2715
2804
2716
2805
2717
2806
2718
2807
2719
2808
2720
2809
2721
2810
2722
2811
2723
2812
2724
2813
2725
2814
2726
2815
2727
2816
2728
2817
2729
2818
2730
2819
2731
2820
2732
2821
2733
2822
2734
2823
2735
2824
2736
2825
2737
2826
2738
2827
2739
2828
2740
2829
2741
2830
2742
2831
2743
2832
2744
2833
2745
2834
2746
2835
2747
2836
2748
2837
2749
2838
2750
2839
2751
2840
2752
2841
2753
2842
2754
2843
2755
2844
2756
2845
2757
2846
2758
2847
2759
2848
2760
2849
2761
2850
2762
2851
2763
2852
2764
2853
2765
2854
2766
2855
2767
2856
2768
2857
2769
2858
2770
2859
2771
2860
2772
2861
2773
2862
2774
2863
2775
2864
2776
2865
2777
2866
2778
2867
2779
2868
2780
2869
2781
2870
2782
2871
2783
2872
2784
2873
2785
2874
2786
2875
2787
2876
2788
2877
2789
2878
2879
3375
2791
2880
3779
2792
2881
2793
2882
2794
2883
2795
2884
2796
2885
2797
2886
2798
2887
2799
2888
2800
2889
2801
2890
2802
2891
2803
2892
2804
2893
2805
2894
2806
2895
2807
2896
2808
2897
2809
2898
2810
2899
2811
2900
2812
2901
2813
2902
2814
2903
2815
2904
2816
2905
2817
2906
2818
2907
2819
2908
2820
2909
2821
2910
2822
2911
2823
2912
2824
2913
2825
2914
2826
2915
2827
2916
2828
2917
2829
2918
2830
2919
2831
2920
2832
2921
2833
2922
2834
2923
2835
2924
2836
2925
2837
2926
2838
2927
2839
2928
2840
2929
2841
2930
2842
2931
2843
2932
2844
2933
2845
2934
2846
2935
2847
2936
2848
2937
2849
2938
2850
2939
2851
2940
2852
2941
2853
2942
2854
2943
2855
2944
2856
2945
2857
2946
2858
2947
2859
2948
2860
2949
2861
2950
2862
2951
2863
2952
2864
2953
2865
2954
2866
2955
2867
2956
2868
2957
2869
2958
2870
2959
2871
2960
2872
2961
2873
2962
2874
2963
2875
2964
2876
2965
2877
2966
2878
2967
2879
2968
2969
3420
2881
2970
3734
2882
2971
2883
2972
2884
2973
2885
2974
2886
2975
2887
2976
2888
2977
2889
2978
2890
2979
2891
2980
2892
2981
2893
2982
2894
2983
2895
2984
2896
2985
2897
2986
2898
2987
2899
2988
2900
2989
2901
2990
2902
2991
2903
2992
2904
2993
2905
2994
2906
2995
2907
2996
2908
2997
2909
2998
2910
2999
2911
3000
2912
3001
2913
3002
2914
3003
2915
3004
2916
3005
2917
3006
2918
3007
2919
3008
2920
3009
2921
3010
2922
3011
2923
3012
2924
3013
2925
3014
2926
3015
2927
3016
2928
3017
2929
3018
2930
3019
2931
3020
2932
3021
2933
3022
2934
3023
2935
3024
2936
3025
2937
3026
2938
3027
2939
3028
2940
3029
2941
3030
2942
3031
2943
3032
2944
3033
2945
3034
2946
3035
2947
3036
2948
3037
2949
3038
2950
3039
2951
3040
2952
3041
2953
3042
2954
3043
2955
3044
2956
3045
2957
3046
2958
3047
2959
3048
2960
3049
2961
3050
2962
3051
2963
3052
2964
3053
2965
3054
2966
3055
2967
3056
2968
3057
2969
3058
3059
3465
2971
3060
3689
2972
3061
2973
3062
2974
3063
2975
3064
2976
3065
2977
3066
2978
3067
2979
3068
2980
3069
2981
3070
2982
3071
2983
3072
2984
3073
2985
3074
2986
3075
2987
3076
2988
3077
2989
3078
2990
3079
2991
3080
2992
3081
2993
3082
2994
3083
2995
3084
2996
3085
2997
3086
2998
3087
2999
3088
3000
3089
3001
3090
3002
3091
3003
3092
3004
3093
3005
3094
3006
3095
3007
3096
3008
3097
3009
3098
3010
3099
3011
3100
3012
3101
3013
3102
3014
3103
3015
3104
3016
3105
3017
3106
3018
3107
3019
3108
3020
3109
3021
3110
3022
3111
3023
3112
3024
3113
3025
3114
3026
3115
3027
3116
3028
3117
3029
3118
3030
3119
3031
3120
3032
3121
3033
3122
3034
3123
3035
3124
3036
3125
3037
3126
3038
3127
3039
3128
3040
3129
3041
3130
3042
3131
3043
3132
3044
3133
3045
3134
3046
3135
3047
3136
3048
3137
3049
3138
3050
3139
3051
3140
3052
3141
3053
3142
3054
3143
3055
3144
3056
3145
3057
3146
3058
3147
3059
3148
3149
3510
3061
3644
3062
3063
3064
3065
3066
3067
3068
3069
3070
3071
3072
3073
3074
3075
3076
3077
3078
3079
3080
3081
3082
3083
3084
3085
3086
3087
3088
3089
3090
3091
3092
3093
3094
3095
3096
3097
3098
3099
3100
3101
3102
3103
3104
3105
3106
3107
3108
3109
3110
3111
3112
3113
3114
3115
3116
3117
3118
3119
3120
3121
3122
3123
3124
3125
3126
3127
3128
3129
3130
3131
3132
3133
3134
3135
3136
3137
3138
3139
3140
3141
3142
3143
3144
3145
3146
3147
3148
3149
3555
3151
3195
3152
3196
3153
3197
3154
3198
3155
3199
3156
3200
3157
3201
3158
3202
3159
3203
3160
3204
3161
3205
3162
3206
3163
3207
3164
3208
3165
3209
3166
3210
3167
3211
3168
3212
3169
3213
3170
3214
3171
3215
3172
3216
3173
3217
3174
3218
3175
3219
3176
3220
3177
3221
3178
3222
3179
3223
3180
3224
3181
3225
3182
3226
3183
3227
3184
3228
3185
3229
3186
3230
3187
3231
3188
3232
3189
3233
3190
3234
3191
3235
3192
3236
3193
3237
3194
3238
3239
3196
3240
3197
3241
3198
3242
3199
3243
3200
3244
3201
3245
3202
3246
3203
3247
3204
3248
3205
3249
3206
3250
3207
3251
3208
3252
3209
3253
3210
3254
3211
3255
3212
3256
3213
3257
3214
3258
3215
3259
3216
3260
3217
3261
3218
3262
3219
3263
3220
3264
3221
3265
3222
3266
3223
3267
3224
3268
3225
3269
3226
3270
3227
3271
3228
3272
3229
3273
3230
3274
3231
3275
3232
3276
3233
3277
3234
3278
3235
3279
3236
3280
3237
3281
3238
3282
3239
3283
3284
3241
3285
3242
3286
3243
3287
3244
3288
3245
3289
3246
3290
3247
3291
3248
3292
3249
3293
3250
3294
3251
3295
3252
3296
3253
3297
3254
3298
3255
3299
3256
3300
3257
3301
3258
3302
3259
3303
3260
3304
3261
3305
3262
3306
3263
3307
3264
3308
3265
3309
3266
3310
3267
3311
3268
3312
3269
3313
3270
3314
3271
3315
3272
3316
3273
3317
3274
3318
3275
3319
3276
3320
3277
3321
3278
3322
3279
3323
3280
3324
3281
3325
3282
3326
3283
3327
3284
3328
3329
3286
3330
3287
3331
3288
3332
3289
3333
3290
3334
3291
3335
3292
3336
3293
3337
3294
3338
3295
3339
3296
3340
3297
3341
3298
3342
3299
3343
3300
3344
3301
3345
3302
3346
3303
3347
3304
3348
3305
3349
3306
3350
3307
3351
3308
3352
3309
3353
3310
3354
3311
3355
3312
3356
3313
3357
3314
3358
3315
3359
3316
3360
3317
3361
3318
3362
3319
3363
3320
3364
3321
3365
3322
3366
3323
3367
3324
3368
3325
3369
3326
3370
3327
3371
3328
3372
3329
3373
3374
3331
3375
3332
3376
3333
3377
3334
3378
3335
3379
3336
3380
3337
3381
3338
3382
3339
3383
3340
3384
3341
3385
3342
3386
3343
3387
3344
3388
3345
3389
3346
3390
3347
3391
3348
3392
3349
3393
3350
3394
3351
3395
3352
3396
3353
3397
3354
3398
3355
3399
3356
3400
3357
3401
3358
3402
3359
3403
3360
3404
3361
3405
3362
3406
3363
3407
3364
3408
3365
3409
3366
3410
3367
3411
3368
3412
3369
3413
3370
3414
3371
3415
3372
3416
3373
3417
3374
3418
3419
3376
3420
3377
3421
3378
3422
3379
3423
3380
3424
3381
3425
3382
3426
3383
3427
3384
3428
3385
3429
3386
3430
3387
3431
3388
3432
3389
3433
3390
3434
3391
3435
3392
3436
3393
3437
3394
3438
3395
3439
3396
3440
3397
3441
3398
3442
3399
3443
3400
3444
3401
3445
3402
3446
3403
3447
3404
3448
3405
3449
3406
3450
3407
3451
3408
3452
3409
3453
3410
3454
3411
3455
3412
3456
3413
3457
3414
3458
3415
3459
3416
3460
3417
3461
3418
3462
3419
3463
3464
3421
3465
3422
3466
3423
3467
3424
3468
3425
3469
3426
3470
3427
3471
3428
3472
3429
3473
3430
3474
3431
3475
3432
3476
3433
3477
3434
3478
3435
3479
3436
3480
3437
3481
3438
3482
3439
3483
3440
3484
3441
3485
3442
3486
3443
3487
3444
3488
3445
3489
3446
3490
3447
3491
3448
3492
3449
3493
3450
3494
3451
3495
3452
3496
3453
3497
3454
3498
3455
3499
3456
3500
3457
3501
3458
3502
3459
3503
3460
3504
3461
3505
3462
3506
3463
3507
3464
3508
3509
3466
3510
3467
3511
3468
3512
3469
3513
3470
3514
3471
3515
3472
3516
3473
3517
3474
3518
3475
3519
3476
3520
3477
3521
3478
3522
3479
3523
3480
3524
3481
3525
3482
3526
3483
3527
3484
3528
3485
3529
3486
3530
3487
3531
3488
3532
3489
3533
3490
3534
3491
3535
3492
3536
3493
3537
3494
3538
3495
3539
3496
3540
3497
3541
3498
3542
3499
3543
3500
3544
3501
3545
3502
3546
3503
3547
3504
3548
3505
3549
3506
3550
3507
3551
3508
3552
3509
3553
3554
3511
3555
3512
3556
3513
3557
3514
3558
3515
3559
3516
3560
3517
3561
3518
3562
3519
3563
3520
3564
3521
3565
3522
3566
3523
3567
3524
3568
3525
3569
3526
3570
3527
3571
3528
3572
3529
3573
3530
3574
3531
3575
3532
3576
3533
3577
3534
3578
3535
3579
3536
3580
3537
3581
3538
3582
3539
3583
3540
3584
3541
3585
3542
3586
3543
3587
3544
3588
3545
3589
3546
3590
3547
3591
3548
3592
3549
3593
3550
3594
3551
3595
3552
3596
3553
3597
3554
3598
3599
3556
3557
3558
3559
3560
3561
3562
3563
3564
3565
3566
3567
3568
3569
3570
3571
3572
3573
3574
3575
3576
3577
3578
3579
3580
3581
3582
3583
3584
3585
3586
3587
3588
3589
3590
3591
3592
3593
3594
3595
3596
3597
3598
3599
3601
3645
3602
3646
3603
3647
3604
3648
3605
3649
3606
3650
3607
3651
3608
3652
3609
3653
3610
3654
3611
3655
3612
3656
3613
3657
3614
3658
3615
3659
3616
3660
3617
3661
3618
3662
3619
3663
3620
3664
3621
3665
3622
3666
3623
3667
3624
3668
3625
3669
3626
3670
3627
3671
3628
3672
3629
3673
3630
3674
3631
3675
3632
3676
3633
3677
3634
3678
3635
3679
3636
3680
3637
3681
3638
3682
3639
3683
3640
3684
3641
3685
3642
3686
3643
3687
3644
3688
3689
3646
3690
3647
3691
3648
3692
3649
3693
3650
3694
3651
3695
3652
3696
3653
3697
3654
3698
3655
3699
3656
3700
3657
3701
3658
3702
3659
3703
3660
3704
3661
3705
3662
3706
3663
3707
3664
3708
3665
3709
3666
3710
3667
3711
3668
3712
3669
3713
3670
3714
3671
3715
3672
3716
3673
3717
3674
3718
3675
3719
3676
3720
3677
3721
3678
3722
3679
3723
3680
3724
3681
3725
3682
3726
3683
3727
3684
3728
3685
3729
3686
3730
3687
3731
3688
3732
3689
3733
3734
3691
3735
3692
3736
3693
3737
3694
3738
3695
3739
3696
3740
3697
3741
3698
3742
3699
3743
3700
3744
3701
3745
3702
3746
3703
3747
3704
3748
3705
3749
3706
3750
3707
3751
3708
3752
3709
3753
3710
3754
3711
3755
3712
3756
3713
3757
3714
3758
3715
3759
3716
3760
3717
3761
3718
3762
3719
3763
3720
3764
3721
3765
3722
3766
3723
3767
3724
3768
3725
3769
3726
3770
3727
3771
3728
3772
3729
3773
3730
3774
3731
3775
3732
3776
3733
3777
3734
3778
3779
3736
3780
3737
3781
3738
3782
3739
3783
3740
3784
3741
3785
3742
3786
3743
3787
3744
3788
3745
3789
3746
3790
3747
3791
3748
3792
3749
3793
3750
3794
3751
3795
3752
3796
3753
3797
3754
3798
3755
3799
3756
3800
3757
3801
3758
3802
3759
3803
3760
3804
3761
3805
3762
3806
3763
3807
3764
3808
3765
3809
3766
3810
3767
3811
3768
3812
3769
3813
3770
3814
3771
3815
3772
3816
3773
3817
3774
3818
3775
3819
3776
3820
3777
3821
3778
3822
3779
3823
3824
3781
3825
3782
3826
3783
3827
3784
3828
3785
3829
3786
3830
3787
3831
3788
3832
3789
3833
3790
3834
3791
3835
3792
3836
3793
3837
3794
3838
3795
3839
3796
3840
3797
3841
3798
3842
3799
3843
3800
3844
3801
3845
3802
3846
3803
3847
3804
3848
3805
3849
3806
3850
3807
3851
3808
3852
3809
3853
3810
3854
3811
3855
3812
3856
3813
3857
3814
3858
3815
3859
3816
3860
3817
3861
3818
3862
3819
3863
3820
3864
3821
3865
3822
3866
3823
3867
3824
3868
3869
3826
3870
3827
3871
3828
3872
3829
3873
3830
3874
3831
3875
3832
3876
3833
3877
3834
3878
3835
3879
3836
3880
3837
3881
3838
3882
3839
3883
3840
3884
3841
3885
3842
3886
3843
3887
3844
3888
3845
3889
3846
3890
3847
3891
3848
3892
3849
3893
3850
3894
3851
3895
3852
3896
3853
3897
3854
3898
3855
3899
3856
3900
3857
3901
3858
3902
3859
3903
3860
3904
3861
3905
3862
3906
3863
3907
3864
3908
3865
3909
3866
3910
3867
3911
3868
3912
3869
3913
3914
3871
3915
3872
3916
3873
3917
3874
3918
3875
3919
3876
3920
3877
3921
3878
3922
3879
3923
3880
3924
3881
3925
3882
3926
3883
3927
3884
3928
3885
3929
3886
3930
3887
3931
3888
3932
3889
3933
3890
3934
3891
3935
3892
3936
3893
3937
3894
3938
3895
3939
3896
3940
3897
3941
3898
3942
3899
3943
3900
3944
3901
3945
3902
3946
3903
3947
3904
3948
3905
3949
3906
3950
3907
3951
3908
3952
3909
3953
3910
3954
3911
3955
3912
3956
3913
3957
3914
3958
3959
3916
3960
3917
3961
3918
3962
3919
3963
3920
3964
3921
3965
3922
3966
3923
3967
3924
3968
3925
3969
3926
3970
3927
3971
3928
3972
3929
3973
3930
3974
3931
3975
3932
3976
3933
3977
3934
3978
3935
3979
3936
3980
3937
3981
3938
3982
3939
3983
3940
3984
3941
3985
3942
3986
3943
3987
3944
3988
3945
3989
3946
3990
3947
3991
3948
3992
3949
3993
3950
3994
3951
3995
3952
3996
3953
3997
3954
3998
3955
3999
3956
4000
3957
4001
3958
4002
3959
4003
4004
3961
4005
3962
4006
3963
4007
3964
4008
3965
4009
3966
4010
3967
4011
3968
4012
3969
4013
3970
4014
3971
4015
3972
4016
3973
4017
3974
4018
3975
4019
3976
4020
3977
4021
3978
4022
3979
4023
3980
4024
3981
4025
3982
4026
3983
4027
3984
4028
3985
4029
3986
4030
3987
4031
3988
4032
3989
4033
3990
4034
3991
4035
3992
4036
3993
4037
3994
4038
3995
4039
3996
4040
3997
4041
3998
4042
3999
4043
4000
4044
4001
4045
4002
4046
4003
4047
4004
4048
4049
4006
4007
4008
4009
4010
4011
4012
4013
4014
4015
4016
4017
4018
4019
4020
4021
4022
4023
4024
4025
4026
4027
4028
4029
4030
4031
4032
4033
4034
4035
4036
4037
4038
4039
4040
4041
4042
4043
4044
4045
4046
4047
4048
4049
4051
4095
4052
4096
4053
4097
4054
4098
4055
4099
4056
4100
4057
4101
4058
4102
4059
4103
4060
4104
4061
4105
4062
4106
4063
4107
4064
4108
4065
4109
4066
4110
4067
4111
4068
4112
4069
4113
4070
4114
4071
4115
4072
4116
4073
4117
4074
4118
4075
4119
4076
4120
4077
4121
4078
4122
4079
4123
4080
4124
4081
4125
4082
4126
4083
4127
4084
4128
4085
4129
4086
4130
4087
4131
4088
4132
4089
4133
4090
4134
4091
4135
4092
4136
4093
4137
4094
4138
4139
4096
4140
4097
4141
4098
4142
4099
4143
4100
4144
4101
4145
4102
4146
4103
4147
4104
4148
4105
4149
4106
4150
4107
4151
4108
4152
4109
4153
4110
4154
4111
4155
4112
4156
4113
4157
4114
4158
4115
4159
4116
4160
4117
4161
4118
4162
4119
4163
4120
4164
4121
4165
4122
4166
4123
4167
4124
4168
4125
4169
4126
4170
4127
4171
4128
4172
4129
4173
4130
4174
4131
4175
4132
4176
4133
4177
4134
4178
4135
4179
4136
4180
4137
4181
4138
4182
4139
4183
4184
4141
4185
4142
4186
4143
4187
4144
4188
4145
4189
4146
4190
4147
4191
4148
4192
4149
4193
4150
4194
4151
4195
4152
4196
4153
4197
4154
4198
4155
4199
4156
4200
4157
4201
4158
4202
4159
4203
4160
4204
4161
4205
4162
4206
4163
4207
4164
4208
4165
4209
4166
4210
4167
4211
4168
4212
4169
4213
4170
4214
4171
4215
4172
4216
4173
4217
4174
4218
4175
4219
4176
4220
4177
4221
4178
4222
4179
4223
4180
4224
4181
4225
4182
4226
4183
4227
4184
4228
4229
4186
4230
4187
4231
4188
4232
4189
4233
4190
4234
4191
4235
4192
4236
4193
4237
4194
4238
4195
4239
4196
4240
4197
4241
4198
4242
4199
4243
4200
4244
4201
4245
4202
4246
4203
4247
4204
4248
4205
4249
4206
4250
4207
4251
4208
4252
4209
4253
4210
4254
4211
4255
4212
4256
4213
4257
4214
4258
4215
4259
4216
4260
4217
4261
4218
4262
4219
4263
4220
4264
4221
4265
4222
4266
4223
4267
4224
4268
4225
4269
4226
4270
4227
4271
4228
4272
4229
4273
4274
4231
4275
4232
4276
4233
4277
4234
4278
4235
4279
4236
4280
4237
4281
4238
4282
4239
4283
4240
4284
4241
4285
4242
4286
4243
4287
4244
4288
4245
4289
4246
4290
4247
4291
4248
4292
4249
4293
4250
4294
4251
4295
4252
4296
4253
4297
4254
4298
4255
4299
4256
4300
4257
4301
4258
4302
4259
4303
4260
4304
4261
4305
4262
4306
4263
4307
4264
4308
4265
4309
4266
4310
4267
4311
4268
4312
4269
4313
4270
4314
4271
4315
4272
4316
4273
4317
4274
4318
4319
4276
4320
4277
4321
4278
4322
4279
4323
4280
4324
4281
4325
4282
4326
4283
4327
4284
4328
4285
4329
4286
4330
4287
4331
4288
4332
4289
4333
4290
4334
4291
4335
4292
4336
4293
4337
4294
4338
4295
4339
4296
4340
4297
4341
4298
4342
4299
4343
4300
4344
4301
4345
4302
4346
4303
4347
4304
4348
4305
4349
4306
4350
4307
4351
4308
4352
4309
4353
4310
4354
4311
4355
4312
4356
4313
4357
4314
4358
4315
4359
4316
4360
4317
4361
4318
4362
4319
4363
4364
4321
4365
4322
4366
4323
4367
4324
4368
4325
4369
4326
4370
4327
4371
4328
4372
4329
4373
4330
4374
4331
4375
4332
4376
4333
4377
4334
4378
4335
4379
4336
4380
4337
4381
4338
4382
4339
4383
4340
4384
4341
4385
4342
4386
4343
4387
4344
4388
4345
4389
4346
4390
4347
4391
4348
4392
4349
4393
4350
4394
4351
4395
4352
4396
4353
4397
4354
4398
4355
4399
4356
4400
4357
4401
4358
4402
4359
4403
4360
4404
4361
4405
4362
4406
4363
4407
4364
4408
4409
4366
4410
4367
4411
4368
4412
4369
4413
4370
4414
4371
4415
4372
4416
4373
4417
4374
4418
4375
4419
4376
4420
4377
4421
4378
4422
4379
4423
4380
4424
4381
4425
4382
4426
4383
4427
4384
4428
4385
4429
4386
4430
4387
4431
4388
4432
4389
4433
4390
4434
4391
4435
4392
4436
4393
4437
4394
4438
4395
4439
4396
4440
4397
4441
4398
4442
4399
4443
4400
4444
4401
4445
4402
4446
4403
4447
4404
4448
4405
4449
4406
4450
4407
4451
4408
4452
4409
4453
4454
4411
4455
4412
4456
4413
4457
4414
4458
4415
4459
4416
4460
4417
4461
4418
4462
4419
4463
4420
4464
4421
4465
4422
4466
4423
4467
4424
4468
4425
4469
4426
4470
4427
4471
4428
4472
4429
4473
4430
4474
4431
4475
4432
4476
4433
4477
4434
4478
4435
4479
4436
4480
4437
4481
4438
4482
4439
4483
4440
4484
4441
4485
4442
4486
4443
4487
4444
4488
4445
4489
4446
4490
4447
4491
4448
4492
4449
4493
4450
4494
4451
4495
4452
4496
4453
4497
4454
4498
4499
4456
4457
4458
4459
4460
4461
4462
4463
4464
4465
4466
4467
4468
4469
4470
4471
4472
4473
4474
4475
4476
4477
4478
4479
4480
4481
4482
4483
4484
4485
4486
4487
4488
4489
4490
4491
4492
4493
4494
4495
4496
4497
4498
4499
)


// ************************************************************************* //
